4294967279,98
4294967279,97
4294967279,96
4294967279,95
4294967279,94
4294967279,93
4294967279,92
4294967279,91
4294967279,90
4294967279,89
4294967279,87
4294967279,86
4294967279,85
4294967279,84
4294967279,83
4294967279,82
4294967279,81
4294967279,80
4294967278,23
4294967278,22
4294967278,20
4294967278,17
4294967278,15
4294967278,14
4294967278,12
4294967278,11
4294967278,6
4294967278,4
4294967279,132
4294967279,131
4294967279,130
4294967279,129
4294967279,126
4294967279,125
4294967279,124
4294967279,123
4294967279,122
4294967279,121
4294967279,120
4294967279,247
4294967279,119
4294967279,118
4294967279,117
4294967279,116
4294967279,115
4294967279,114
4294967279,113
4294967279,112
4294967279,111
4294967279,110
4294967279,109
4294967279,108
4294967279,107
4294967279,106
4294967279,105
4294967279,104
4294967279,103
4294967279,102
4294967279,101
4294967279,100
4294967279,99
4294967278,368
4294967279,558
4294967278,367
4294967278,366
4294967278,160
4294967278,157
4294967278,154
37,5
37,4
4294967278,155
37,3
37,2
37,1
4294967279,557
4294967278,365
4294967278,151
4294967278,364
4294967279,556
4294967278,150
4294967278,149
4294967278,148
4294967278,143
36,6
4294967278,145
36,5
36,4
4294967278,144
36,3
36,2
36,1
4294967278,363
4294967278,362
4294967278,21
4294967279,555
4294967278,361
4294967278,360
4294967278,139
4294967278,138
4294967278,279
4294967278,136
4294967279,136
4294967278,133
4294967278,135
4294967278,134
4294967279,133
4294967279,554
4294967278,10
4294967278,19
4294967278,285
4294967278,18
4294967278,273
4294967278,275
4294967279,553
4294967278,272
4294967279,268
4294967278,16
4294967278,271
4294967278,284
4294967278,270
4294967279,266
4294967278,13
4294967278,283
4294967278,266
4294967279,264
34,6
4294967278,267
34,5
34,4
34,3
34,2
34,1
4294967278,282
4294967278,359
4294967278,9
4294967279,552
4294967278,8
4294967278,264
4294967279,258
4294967279,278
4294967278,358
4294967278,7
4294967278,262
4294967278,5
4294967278,281
4294967278,261
4294967278,259
4294967278,357
4294967279,253
4294967279,128
4294967278,256
4294967279,551
4294967279,127
4294967278,356
4294967278,355
4294967279,550
32,5
32,4
32,3
32,2
32,1
4294967278,242
31,4
4294967278,240
31,3
31,2
31,1
4294967278,238
4294967278,237
4294967278,236
4294967278,234
4294967278,232
4294967278,230
4294967294,428
4294967278,228
4294967278,226
4294967278,224
4294967278,223
4294967278,222
4294967278,220
27,4
27,3
27,2
27,1
4294967278,354
4294967278,212
4294967278,210
4294967278,208
4294967278,206
4294967279,549
4294967278,353
4294967278,202
4294967278,352
4294967279,548
4294967279,547
4294967294,409
4294967294,399
4294967294,407
4294967294,385
4294967294,406
4294967294,412
4294967294,119
4294967294,112
4294967294,455
4294967278,200
4294967278,199
4294967294,388
4294967279,546
4294967294,115
4294967279,545
4294967279,544
4294967278,193
4294967278,351
4294967278,37
4294967278,36
4294967278,35
4294967278,34
4294967278,33
4294967278,32
4294967278,31
4294967278,30
4294967278,29
4294967278,28
4294967278,27
4294967278,26
4294967278,25
4294967278,24
4294967279,272
4294967279,24
4294967279,134
4294967279,22
4294967279,19
4294967279,17
4294967279,14
4294967279,13
4294967279,12
4294967279,543
4294967279,542
4294967278,350
4294967278,349
4294967279,541
4294967279,540
4294967278,348
4294967278,184
4294967279,539
4294967279,538
4294967278,347
4294967278,346
4294967279,537
4294967278,181
4294967279,536
4294967278,180
4294967278,179
4294967278,178
4294967278,176
25,5
4294967278,175
25,4
25,2
25,1
4294967279,535
4294967278,173
4294967278,345
4294967279,534
4294967294,200
4294967294,1035
4294967294,1029
4294967279,533
4294967278,344
4294967278,168
4294967278,167
4294967278,166
4294967278,165
4294967278,164
24,6
24,5
4294967278,163
24,4
24,2
24,1
4294967279,532
4294967278,162
4294967279,531
4294967294,392
4294967294,114
4294967278,343
4294967279,530
4294967278,159
4294967279,529
4294967278,158
4294967278,156
4294967278,153
4294967279,528
4294967278,152
4294967278,342
4294967294,387
4294967279,527
4294967279,526
4294967278,341
22,6
22,5
22,4
22,2
22,1
4294967279,525
4294967279,524
4294967294,439
4294967279,281
4294967278,340
4294967278,339
4294967294,120
4294967278,338
4294967279,135
4294967278,337
4294967279,523
4294967294,1080
4294967279,522
4294967278,336
4294967294,38
4294967294,36
4294967294,41
4294967294,39
4294967294,45
4294967294,44
4294967294,43
4294967279,265
4294967279,280
4294967279,262
20,5
4294967279,261
20,4
20,2
20,1
4294967279,259
4294967294,99
4294967294,53
4294967294,416
4294967279,257
19,4
4294967279,256
19,3
19,2
19,1
4294967294,468
4294967294,88
4294967294,86
4294967294,85
4294967279,255
4294967279,521
4294967278,258
4294967279,520
4294967279,519
4294967278,335
4294967294,92
4294967294,90
4294967279,518
4294967278,334
4294967279,517
4294967278,333
4294967279,516
4294967279,515
4294967278,332
4294967279,514
